algorithm=deterministic_logistic_regression_v1
vector_length=15
bias=-0.36285261
weights=0.77179747,0.70420076,1.04756563,-0.18448105,-1.09652362,-2.15241416,-0.03628529,0.98579046,0.85802254,-0.16356427,0.61102319,0.11789859,-0.03628529,0.61505516,0.99138379
